p cnf 161 818
e 9 8 7 6 5 4 3 2 1 0
a 18 17 16 15 14 13 12 11 10 0
e 27 26 25 24 23 22 21 20 19 0
a 36 35 34 33 32 31 30 29 28 0
e 45 44 43 42 41 40 39 38 37 0
a 54 53 52 51 50 49 48 47 46 0
e 63 62 61 60 59 58 57 56 55 0
a 72 71 70 69 68 67 66 65 64 0
e 81 80 79 78 77 76 75 74 73 0
e 82 83 84 85 86 87 88 89 90 91 92 93 94 95 96 97 98 99 100 101 102 103 104 105 106 107 108 109 110 111 112 113 114 115 116 117 118 119 120 121 122 123 124 125 126 127 128 129 130 131 132 133 134 135 136 137 138 139 140 141 142 143 144 145 146 147 148 149 150 151 152 153 154 155 156 157 158 159 160 161 0
-1 -10 0
-1 -19 0
-1 -28 0
-1 -37 0
-1 -46 0
-1 -55 0
-1 -64 0
-1 -73 0
-10 -19 0
-10 -28 0
-10 -37 0
-10 -46 0
-10 -55 0
-10 -64 0
-10 -73 0
-19 -28 0
-19 -37 0
-19 -46 0
-19 -55 0
-19 -64 0
-19 -73 0
-28 -37 0
-28 -46 0
-28 -55 0
-28 -64 0
-28 -73 0
-37 -46 0
-37 -55 0
-37 -64 0
-37 -73 0
-46 -55 0
-46 -64 0
-46 -73 0
-55 -64 0
-55 -73 0
-64 -73 0
-2 -11 0
-2 -20 0
-2 -29 0
-2 -38 0
-2 -47 0
-2 -56 0
-2 -65 0
-2 -74 0
-11 -20 0
-11 -29 0
-11 -38 0
-11 -47 0
-11 -56 0
-11 -65 0
-11 -74 0
-20 -29 0
-20 -38 0
-20 -47 0
-20 -56 0
-20 -65 0
-20 -74 0
-29 -38 0
-29 -47 0
-29 -56 0
-29 -65 0
-29 -74 0
-38 -47 0
-38 -56 0
-38 -65 0
-38 -74 0
-47 -56 0
-47 -65 0
-47 -74 0
-56 -65 0
-56 -74 0
-65 -74 0
-3 -12 0
-3 -21 0
-3 -30 0
-3 -39 0
-3 -48 0
-3 -57 0
-3 -66 0
-3 -75 0
-12 -21 0
-12 -30 0
-12 -39 0
-12 -48 0
-12 -57 0
-12 -66 0
-12 -75 0
-21 -30 0
-21 -39 0
-21 -48 0
-21 -57 0
-21 -66 0
-21 -75 0
-30 -39 0
-30 -48 0
-30 -57 0
-30 -66 0
-30 -75 0
-39 -48 0
-39 -57 0
-39 -66 0
-39 -75 0
-48 -57 0
-48 -66 0
-48 -75 0
-57 -66 0
-57 -75 0
-66 -75 0
-4 -13 0
-4 -22 0
-4 -31 0
-4 -40 0
-4 -49 0
-4 -58 0
-4 -67 0
-4 -76 0
-13 -22 0
-13 -31 0
-13 -40 0
-13 -49 0
-13 -58 0
-13 -67 0
-13 -76 0
-22 -31 0
-22 -40 0
-22 -49 0
-22 -58 0
-22 -67 0
-22 -76 0
-31 -40 0
-31 -49 0
-31 -58 0
-31 -67 0
-31 -76 0
-40 -49 0
-40 -58 0
-40 -67 0
-40 -76 0
-49 -58 0
-49 -67 0
-49 -76 0
-58 -67 0
-58 -76 0
-67 -76 0
-5 -14 0
-5 -23 0
-5 -32 0
-5 -41 0
-5 -50 0
-5 -59 0
-5 -68 0
-5 -77 0
-14 -23 0
-14 -32 0
-14 -41 0
-14 -50 0
-14 -59 0
-14 -68 0
-14 -77 0
-23 -32 0
-23 -41 0
-23 -50 0
-23 -59 0
-23 -68 0
-23 -77 0
-32 -41 0
-32 -50 0
-32 -59 0
-32 -68 0
-32 -77 0
-41 -50 0
-41 -59 0
-41 -68 0
-41 -77 0
-50 -59 0
-50 -68 0
-50 -77 0
-59 -68 0
-59 -77 0
-68 -77 0
-6 -15 0
-6 -24 0
-6 -33 0
-6 -42 0
-6 -51 0
-6 -60 0
-6 -69 0
-6 -78 0
-15 -24 0
-15 -33 0
-15 -42 0
-15 -51 0
-15 -60 0
-15 -69 0
-15 -78 0
-24 -33 0
-24 -42 0
-24 -51 0
-24 -60 0
-24 -69 0
-24 -78 0
-33 -42 0
-33 -51 0
-33 -60 0
-33 -69 0
-33 -78 0
-42 -51 0
-42 -60 0
-42 -69 0
-42 -78 0
-51 -60 0
-51 -69 0
-51 -78 0
-60 -69 0
-60 -78 0
-69 -78 0
-7 -16 0
-7 -25 0
-7 -34 0
-7 -43 0
-7 -52 0
-7 -61 0
-7 -70 0
-7 -79 0
-16 -25 0
-16 -34 0
-16 -43 0
-16 -52 0
-16 -61 0
-16 -70 0
-16 -79 0
-25 -34 0
-25 -43 0
-25 -52 0
-25 -61 0
-25 -70 0
-25 -79 0
-34 -43 0
-34 -52 0
-34 -61 0
-34 -70 0
-34 -79 0
-43 -52 0
-43 -61 0
-43 -70 0
-43 -79 0
-52 -61 0
-52 -70 0
-52 -79 0
-61 -70 0
-61 -79 0
-70 -79 0
-8 -17 0
-8 -26 0
-8 -35 0
-8 -44 0
-8 -53 0
-8 -62 0
-8 -71 0
-8 -80 0
-17 -26 0
-17 -35 0
-17 -44 0
-17 -53 0
-17 -62 0
-17 -71 0
-17 -80 0
-26 -35 0
-26 -44 0
-26 -53 0
-26 -62 0
-26 -71 0
-26 -80 0
-35 -44 0
-35 -53 0
-35 -62 0
-35 -71 0
-35 -80 0
-44 -53 0
-44 -62 0
-44 -71 0
-44 -80 0
-53 -62 0
-53 -71 0
-53 -80 0
-62 -71 0
-62 -80 0
-71 -80 0
-9 -18 0
-9 -27 0
-9 -36 0
-9 -45 0
-9 -54 0
-9 -63 0
-9 -72 0
-9 -81 0
-18 -27 0
-18 -36 0
-18 -45 0
-18 -54 0
-18 -63 0
-18 -72 0
-18 -81 0
-27 -36 0
-27 -45 0
-27 -54 0
-27 -63 0
-27 -72 0
-27 -81 0
-36 -45 0
-36 -54 0
-36 -63 0
-36 -72 0
-36 -81 0
-45 -54 0
-45 -63 0
-45 -72 0
-45 -81 0
-54 -63 0
-54 -72 0
-54 -81 0
-63 -72 0
-63 -81 0
-72 -81 0
1 2 3 4 5 6 7 8 9 0
10 11 12 13 14 15 16 17 18 0
19 20 21 22 23 24 25 26 27 0
28 29 30 31 32 33 34 35 36 0
37 38 39 40 41 42 43 44 45 0
46 47 48 49 50 51 52 53 54 0
55 56 57 58 59 60 61 62 63 0
64 65 66 67 68 69 70 71 72 0
73 74 75 76 77 78 79 80 81 0
-1 -2 0
-1 -3 0
-1 -4 0
-1 -5 0
-1 -6 0
-1 -7 0
-1 -8 0
-1 -9 0
-2 -3 0
-2 -4 0
-2 -5 0
-2 -6 0
-2 -7 0
-2 -8 0
-2 -9 0
-3 -4 0
-3 -5 0
-3 -6 0
-3 -7 0
-3 -8 0
-3 -9 0
-4 -5 0
-4 -6 0
-4 -7 0
-4 -8 0
-4 -9 0
-5 -6 0
-5 -7 0
-5 -8 0
-5 -9 0
-6 -7 0
-6 -8 0
-6 -9 0
-7 -8 0
-7 -9 0
-8 -9 0
-10 -11 0
-10 -12 0
-10 -13 0
-10 -14 0
-10 -15 0
-10 -16 0
-10 -17 0
-10 -18 0
-11 -12 0
-11 -13 0
-11 -14 0
-11 -15 0
-11 -16 0
-11 -17 0
-11 -18 0
-12 -13 0
-12 -14 0
-12 -15 0
-12 -16 0
-12 -17 0
-12 -18 0
-13 -14 0
-13 -15 0
-13 -16 0
-13 -17 0
-13 -18 0
-14 -15 0
-14 -16 0
-14 -17 0
-14 -18 0
-15 -16 0
-15 -17 0
-15 -18 0
-16 -17 0
-16 -18 0
-17 -18 0
-19 -20 0
-19 -21 0
-19 -22 0
-19 -23 0
-19 -24 0
-19 -25 0
-19 -26 0
-19 -27 0
-20 -21 0
-20 -22 0
-20 -23 0
-20 -24 0
-20 -25 0
-20 -26 0
-20 -27 0
-21 -22 0
-21 -23 0
-21 -24 0
-21 -25 0
-21 -26 0
-21 -27 0
-22 -23 0
-22 -24 0
-22 -25 0
-22 -26 0
-22 -27 0
-23 -24 0
-23 -25 0
-23 -26 0
-23 -27 0
-24 -25 0
-24 -26 0
-24 -27 0
-25 -26 0
-25 -27 0
-26 -27 0
-28 -29 0
-28 -30 0
-28 -31 0
-28 -32 0
-28 -33 0
-28 -34 0
-28 -35 0
-28 -36 0
-29 -30 0
-29 -31 0
-29 -32 0
-29 -33 0
-29 -34 0
-29 -35 0
-29 -36 0
-30 -31 0
-30 -32 0
-30 -33 0
-30 -34 0
-30 -35 0
-30 -36 0
-31 -32 0
-31 -33 0
-31 -34 0
-31 -35 0
-31 -36 0
-32 -33 0
-32 -34 0
-32 -35 0
-32 -36 0
-33 -34 0
-33 -35 0
-33 -36 0
-34 -35 0
-34 -36 0
-35 -36 0
-37 -38 0
-37 -39 0
-37 -40 0
-37 -41 0
-37 -42 0
-37 -43 0
-37 -44 0
-37 -45 0
-38 -39 0
-38 -40 0
-38 -41 0
-38 -42 0
-38 -43 0
-38 -44 0
-38 -45 0
-39 -40 0
-39 -41 0
-39 -42 0
-39 -43 0
-39 -44 0
-39 -45 0
-40 -41 0
-40 -42 0
-40 -43 0
-40 -44 0
-40 -45 0
-41 -42 0
-41 -43 0
-41 -44 0
-41 -45 0
-42 -43 0
-42 -44 0
-42 -45 0
-43 -44 0
-43 -45 0
-44 -45 0
-46 -47 0
-46 -48 0
-46 -49 0
-46 -50 0
-46 -51 0
-46 -52 0
-46 -53 0
-46 -54 0
-47 -48 0
-47 -49 0
-47 -50 0
-47 -51 0
-47 -52 0
-47 -53 0
-47 -54 0
-48 -49 0
-48 -50 0
-48 -51 0
-48 -52 0
-48 -53 0
-48 -54 0
-49 -50 0
-49 -51 0
-49 -52 0
-49 -53 0
-49 -54 0
-50 -51 0
-50 -52 0
-50 -53 0
-50 -54 0
-51 -52 0
-51 -53 0
-51 -54 0
-52 -53 0
-52 -54 0
-53 -54 0
-55 -56 0
-55 -57 0
-55 -58 0
-55 -59 0
-55 -60 0
-55 -61 0
-55 -62 0
-55 -63 0
-56 -57 0
-56 -58 0
-56 -59 0
-56 -60 0
-56 -61 0
-56 -62 0
-56 -63 0
-57 -58 0
-57 -59 0
-57 -60 0
-57 -61 0
-57 -62 0
-57 -63 0
-58 -59 0
-58 -60 0
-58 -61 0
-58 -62 0
-58 -63 0
-59 -60 0
-59 -61 0
-59 -62 0
-59 -63 0
-60 -61 0
-60 -62 0
-60 -63 0
-61 -62 0
-61 -63 0
-62 -63 0
-64 -65 0
-64 -66 0
-64 -67 0
-64 -68 0
-64 -69 0
-64 -70 0
-64 -71 0
-64 -72 0
-65 -66 0
-65 -67 0
-65 -68 0
-65 -69 0
-65 -70 0
-65 -71 0
-65 -72 0
-66 -67 0
-66 -68 0
-66 -69 0
-66 -70 0
-66 -71 0
-66 -72 0
-67 -68 0
-67 -69 0
-67 -70 0
-67 -71 0
-67 -72 0
-68 -69 0
-68 -70 0
-68 -71 0
-68 -72 0
-69 -70 0
-69 -71 0
-69 -72 0
-70 -71 0
-70 -72 0
-71 -72 0
-73 -74 0
-73 -75 0
-73 -76 0
-73 -77 0
-73 -78 0
-73 -79 0
-73 -80 0
-73 -81 0
-74 -75 0
-74 -76 0
-74 -77 0
-74 -78 0
-74 -79 0
-74 -80 0
-74 -81 0
-75 -76 0
-75 -77 0
-75 -78 0
-75 -79 0
-75 -80 0
-75 -81 0
-76 -77 0
-76 -78 0
-76 -79 0
-76 -80 0
-76 -81 0
-77 -78 0
-77 -79 0
-77 -80 0
-77 -81 0
-78 -79 0
-78 -80 0
-78 -81 0
-79 -80 0
-79 -81 0
-80 -81 0
-82 1 20 39 0
82 -1 -20 -39 0
-83 1 22 43 0
83 -1 -22 -43 0
-84 4 23 42 0
84 -4 -23 -42 0
-85 2 23 44 0
85 -2 -23 -44 0
-86 7 26 45 0
86 -7 -26 -45 0
-87 3 24 45 0
87 -3 -24 -45 0
-88 1 23 45 0
88 -1 -23 -45 0
-89 3 23 43 0
89 -3 -23 -43 0
-90 1 20 57 0
90 -1 -20 -57 0
-91 1 22 61 0
91 -1 -22 -61 0
-92 4 23 60 0
92 -4 -23 -60 0
-93 2 23 62 0
93 -2 -23 -62 0
-94 7 26 63 0
94 -7 -26 -63 0
-95 3 24 63 0
95 -3 -24 -63 0
-96 1 23 63 0
96 -1 -23 -63 0
-97 3 23 61 0
97 -3 -23 -61 0
-98 1 20 75 0
98 -1 -20 -75 0
-99 1 22 79 0
99 -1 -22 -79 0
-100 4 23 78 0
100 -4 -23 -78 0
-101 2 23 80 0
101 -2 -23 -80 0
-102 7 26 81 0
102 -7 -26 -81 0
-103 3 24 81 0
103 -3 -24 -81 0
-104 1 23 81 0
104 -1 -23 -81 0
-105 3 23 79 0
105 -3 -23 -79 0
-106 1 38 57 0
106 -1 -38 -57 0
-107 1 40 61 0
107 -1 -40 -61 0
-108 4 41 60 0
108 -4 -41 -60 0
-109 2 41 62 0
109 -2 -41 -62 0
-110 7 44 63 0
110 -7 -44 -63 0
-111 3 42 63 0
111 -3 -42 -63 0
-112 1 41 63 0
112 -1 -41 -63 0
-113 3 41 61 0
113 -3 -41 -61 0
-114 1 38 75 0
114 -1 -38 -75 0
-115 1 40 79 0
115 -1 -40 -79 0
-116 4 41 78 0
116 -4 -41 -78 0
-117 2 41 80 0
117 -2 -41 -80 0
-118 7 44 81 0
118 -7 -44 -81 0
-119 3 42 81 0
119 -3 -42 -81 0
-120 1 41 81 0
120 -1 -41 -81 0
-121 3 41 79 0
121 -3 -41 -79 0
-122 1 56 75 0
122 -1 -56 -75 0
-123 1 58 79 0
123 -1 -58 -79 0
-124 4 59 78 0
124 -4 -59 -78 0
-125 2 59 80 0
125 -2 -59 -80 0
-126 7 62 81 0
126 -7 -62 -81 0
-127 3 60 81 0
127 -3 -60 -81 0
-128 1 59 81 0
128 -1 -59 -81 0
-129 3 59 79 0
129 -3 -59 -79 0
-130 19 38 57 0
130 -19 -38 -57 0
-131 19 40 61 0
131 -19 -40 -61 0
-132 22 41 60 0
132 -22 -41 -60 0
-133 20 41 62 0
133 -20 -41 -62 0
-134 25 44 63 0
134 -25 -44 -63 0
-135 21 42 63 0
135 -21 -42 -63 0
-136 19 41 63 0
136 -19 -41 -63 0
-137 21 41 61 0
137 -21 -41 -61 0
-138 19 38 75 0
138 -19 -38 -75 0
-139 19 40 79 0
139 -19 -40 -79 0
-140 22 41 78 0
140 -22 -41 -78 0
-141 20 41 80 0
141 -20 -41 -80 0
-142 25 44 81 0
142 -25 -44 -81 0
-143 21 42 81 0
143 -21 -42 -81 0
-144 19 41 81 0
144 -19 -41 -81 0
-145 21 41 79 0
145 -21 -41 -79 0
-146 19 56 75 0
146 -19 -56 -75 0
-147 19 58 79 0
147 -19 -58 -79 0
-148 22 59 78 0
148 -22 -59 -78 0
-149 20 59 80 0
149 -20 -59 -80 0
-150 25 62 81 0
150 -25 -62 -81 0
-151 21 60 81 0
151 -21 -60 -81 0
-152 19 59 81 0
152 -19 -59 -81 0
-153 21 59 79 0
153 -21 -59 -79 0
-154 37 56 75 0
154 -37 -56 -75 0
-155 37 58 79 0
155 -37 -58 -79 0
-156 40 59 78 0
156 -40 -59 -78 0
-157 38 59 80 0
157 -38 -59 -80 0
-158 43 62 81 0
158 -43 -62 -81 0
-159 39 60 81 0
159 -39 -60 -81 0
-160 37 59 81 0
160 -37 -59 -81 0
-161 39 59 79 0
161 -39 -59 -79 0
82 83 84 85 86 87 88 89 90 91 92 93 94 95 96 97 98 99 100 101 102 103 104 105 106 107 108 109 110 111 112 113 114 115 116 117 118 119 120 121 122 123 124 125 126 127 128 129 130 131 132 133 134 135 136 137 138 139 140 141 142 143 144 145 146 147 148 149 150 151 152 153 154 155 156 157 158 159 160 161 0
