81 : 8 8
80 : 8 7
79 : 8 6
78 : 8 5
77 : 8 4
76 : 8 3
75 : 8 2
74 : 8 1
73 : 8 0
72 : 7 8
71 : 7 7
70 : 7 6
69 : 7 5
68 : 7 4
67 : 7 3
66 : 7 2
65 : 7 1
64 : 7 0
63 : 6 8
62 : 6 7
61 : 6 6
60 : 6 5
59 : 6 4
58 : 6 3
57 : 6 2
56 : 6 1
55 : 6 0
54 : 5 8
53 : 5 7
52 : 5 6
51 : 5 5
50 : 5 4
49 : 5 3
48 : 5 2
47 : 5 1
46 : 5 0
45 : 4 8
44 : 4 7
43 : 4 6
42 : 4 5
41 : 4 4
40 : 4 3
39 : 4 2
38 : 4 1
37 : 4 0
36 : 3 8
35 : 3 7
34 : 3 6
33 : 3 5
32 : 3 4
31 : 3 3
30 : 3 2
29 : 3 1
28 : 3 0
27 : 2 8
26 : 2 7
25 : 2 6
24 : 2 5
23 : 2 4
22 : 2 3
21 : 2 2
20 : 2 1
19 : 2 0
18 : 1 8
17 : 1 7
16 : 1 6
15 : 1 5
14 : 1 4
13 : 1 3
12 : 1 2
11 : 1 1
10 : 1 0
9 : 0 8
8 : 0 7
7 : 0 6
6 : 0 5
5 : 0 4
4 : 0 3
3 : 0 2
2 : 0 1
1 : 0 0
82 : 82 0
83 : 83 1
84 : 84 2
85 : 85 3
86 : 86 4
87 : 87 5
88 : 88 6
89 : 89 7
90 : 90 8
91 : 91 9
92 : 92 10
93 : 93 11
94 : 94 12
95 : 95 13
96 : 96 14
97 : 97 15
98 : 98 16
99 : 99 17
100 : 100 18
101 : 101 19
102 : 102 20
103 : 103 21
104 : 104 22
105 : 105 23
106 : 106 24
107 : 107 25
108 : 108 26
109 : 109 27
110 : 110 28
111 : 111 29
112 : 112 30
113 : 113 31
114 : 114 32
115 : 115 33
116 : 116 34
117 : 117 35
118 : 118 36
119 : 119 37
120 : 120 38
121 : 121 39
122 : 122 40
123 : 123 41
124 : 124 42
125 : 125 43
126 : 126 44
127 : 127 45
128 : 128 46
129 : 129 47
130 : 130 48
131 : 131 49
132 : 132 50
133 : 133 51
134 : 134 52
135 : 135 53
136 : 136 54
137 : 137 55
138 : 138 56
139 : 139 57
140 : 140 58
141 : 141 59
142 : 142 60
143 : 143 61
144 : 144 62
145 : 145 63
146 : 146 64
147 : 147 65
148 : 148 66
149 : 149 67
150 : 150 68
151 : 151 69
152 : 152 70
153 : 153 71
154 : 154 72
155 : 155 73
156 : 156 74
157 : 157 75
158 : 158 76
159 : 159 77
160 : 160 78
161 : 161 79
