8 8 : 81
7 8 : 72
128 46 : 128
153 71 : 153
6 8 : 63
5 8 : 54
4 8 : 45
152 70 : 152
3 8 : 36
149 67 : 149
2 8 : 27
146 64 : 146
1 8 : 18
147 65 : 147
7 4 : 68
5 5 : 51
3 6 : 34
1 7 : 17
7 5 : 69
5 4 : 50
3 7 : 35
1 6 : 16
7 6 : 70
5 7 : 53
3 4 : 32
1 5 : 15
157 75 : 157
7 7 : 71
5 6 : 52
3 5 : 33
1 4 : 14
155 73 : 155
7 0 : 64
5 1 : 47
3 2 : 30
1 3 : 13
7 1 : 65
5 0 : 46
3 3 : 31
1 2 : 12
159 77 : 159
0 8 : 9
148 66 : 148
7 2 : 66
5 3 : 49
3 0 : 28
1 1 : 11
8 3 : 76
6 4 : 59
4 5 : 42
2 6 : 25
0 7 : 8
7 3 : 67
5 2 : 48
3 1 : 29
1 0 : 10
8 2 : 75
6 5 : 60
4 4 : 41
2 7 : 26
0 6 : 7
8 1 : 74
6 6 : 61
4 7 : 44
2 4 : 23
0 5 : 6
154 72 : 154
8 0 : 73
6 7 : 62
4 6 : 43
2 5 : 24
0 4 : 5
156 74 : 156
8 7 : 80
6 0 : 55
4 1 : 38
2 2 : 21
0 3 : 4
158 76 : 158
8 6 : 79
6 1 : 56
4 0 : 37
2 3 : 22
0 2 : 3
8 5 : 78
6 2 : 57
4 3 : 40
2 0 : 19
0 1 : 2
8 4 : 77
6 3 : 58
4 2 : 39
2 1 : 20
0 0 : 1
82 0 : 82
83 1 : 83
84 2 : 84
85 3 : 85
86 4 : 86
87 5 : 87
88 6 : 88
89 7 : 89
90 8 : 90
91 9 : 91
92 10 : 92
93 11 : 93
94 12 : 94
95 13 : 95
96 14 : 96
97 15 : 97
98 16 : 98
99 17 : 99
100 18 : 100
101 19 : 101
102 20 : 102
103 21 : 103
104 22 : 104
105 23 : 105
106 24 : 106
107 25 : 107
108 26 : 108
109 27 : 109
110 28 : 110
111 29 : 111
112 30 : 112
113 31 : 113
114 32 : 114
115 33 : 115
142 60 : 142
116 34 : 116
143 61 : 143
117 35 : 117
140 58 : 140
118 36 : 118
119 37 : 119
120 38 : 120
139 57 : 139
121 39 : 121
122 40 : 122
145 63 : 145
123 41 : 123
134 52 : 134
124 42 : 124
135 53 : 135
125 43 : 125
126 44 : 126
127 45 : 127
129 47 : 129
130 48 : 130
151 69 : 151
131 49 : 131
132 50 : 132
133 51 : 133
150 68 : 150
136 54 : 136
137 55 : 137
138 56 : 138
141 59 : 141
144 62 : 144
160 78 : 160
161 79 : 161
